<mb_metadata>
id;name;longitude;latitude;height (m.asl.);country;timezone;utc-timedifference;sunrise;sunset;
local date;weekday;local time;temperature(C);feeledTemperature(C);windspeed(km/h);winddirection(degr);wind gust(km/h);low clouds(%);medium clouds(%);high clouds(%);precipitation(mm);probability of Precip(%);snowFraction;sea level pressure(hPa);relative humidity(%);CAPE;picto-code;radiation (W/m2);
</mb_metadata>
<valid_until>2031-12-31</valid_until>
<station>
;Schwarzenbek;10.47;53.5;0;Deutschland;CEST;UTC+02.00;06:25;20:11;
12.04.2026;	Sun;	01;	10.10;	8.6;	3;	125;	11;	0;	0;	0;	0.0;	0;	0.0;	1011;	50;	0;	22;	0.00;
12.04.2026;	Sun;	02;	9.70;	7.30;	16;	153;	44;	0;	0;	0;	0.0;	0;	0.0;	1011;	52;	0;	22;	0.00;
12.04.2026;	Sun;	03;	8.70;	6.90;	11;	150;	31;	0;	0;	0;	0.0;	80;	0.0;	1011;	60;	0;	22;	0.00;
12.04.2026;	Sun;	04;	7.50;	5.70;	9;	136;	23;	0;	0;	0;	0.2;	100;	0.0;	1012;	67;	0;	33;	0.00;
12.04.2026;	Sun;	05;	6.00;	4.80;	6;	135;	11;	0;	0;	0;	1.5;	100;	0.0;	1013;	78;	0;	23;	0.00;
12.04.2026;	Sun;	06;	4.10;	4.10;	3;	189;	7;	0;	0;	0;	0.3;	100;	0.0;	1014;	93;	0;	33;	0.00;
12.04.2026;	Sun;	07;	4.50;	4.50;	2;	340;	8;	0;	0;	0;	0.0;	80;	0.0;	1015;	93;	0;	22;	0.00;
12.04.2026;	Sun;	08;	5.20;	3.90;	6;	280;	19;	0;	0;	0;	0.0;	80;	0.0;	1015;	94;	0;	22;	0.00;
12.04.2026;	Sun;	09;	7.50;	5.70;	9;	301;	16;	0;	0;	0;	0.0;	0;	0.0;	1016;	86;	0;	22;	0.00;
12.04.2026;	Sun;	10;	9.90;	8.60;	10;	293;	12;	0;	0;	0;	0.0;	0;	0.0;	1017;	74;	0;	19;	0.00;
12.04.2026;	Sun;	11;	11.50;	10.50;	8;	285;	9;	0;	0;	0;	0.0;	0;	0.0;	1017;	67;	0;	19;	0.00;
12.04.2026;	Sun;	12;	12.60;	11.50;	8;	271;	8;	0;	0;	0;	0.0;	0;	0.0;	1017;	60;	0;	19;	0.00;
12.04.2026;	Sun;	13;	13.60;	12.40;	8;	264;	7;	0;	0;	0;	0.0;	0;	0.0;	1016;	53;	0;	19;	0.00;
12.04.2026;	Sun;	14;	13.80;	12.50;	8;	261;	7;	0;	0;	0;	0.0;	0;	0.0;	1016;	48;	0;	19;	0.00;
12.04.2026;	Sun;	15;	13.50;	12.10;	7;	262;	6;	0;	0;	0;	0.0;	0;	0.0;	1016;	46;	0;	22;	0.00;
12.04.2026;	Sun;	16;	13.70;	12.20;	5;	251;	4;	0;	0;	0;	0.0;	0;	0.0;	1016;	44;	0;	22;	0.00;
12.04.2026;	Sun;	17;	13.50;	12.10;	4;	259;	4;	0;	0;	0;	0.0;	0;	0.0;	1016;	44;	0;	22;	0.00;
12.04.2026;	Sun;	18;	13.20;	11.70;	3;	251;	3;	0;	0;	0;	0.0;	0;	0.0;	1017;	45;	0;	22;	0.00;
12.04.2026;	Sun;	19;	12.00;	10.70;	1;	343;	2;	0;	0;	0;	0.0;	0;	0.0;	1017;	57;	0;	22;	0.00;
12.04.2026;	Sun;	20;	9.60;	8.50;	7;	70;	13;	0;	0;	0;	0.0;	0;	0.0;	1017;	70;	0;	22;	0.00;
12.04.2026;	Sun;	21;	8.00;	5.70;	13;	95;	28;	0;	0;	0;	0.0;	0;	0.0;	1018;	83;	0;	22;	0.00;
12.04.2026;	Sun;	22;	7.60;	5.60;	10;	97;	23;	0;	0;	0;	0.0;	0;	0.0;	1018;	86;	0;	22;	0.00;
12.04.2026;	Sun;	23;	6.90;	5.30;	8;	96;	17;	0;	0;	0;	0.0;	0;	0.0;	1018;	89;	0;	22;	0.00;
13.04.2026;	Mon;	00;	6.30;	4.60;	8;	87;	14;	0;	0;	0;	0.0;	0;	0.0;	1018;	91;	0;	22;	0.00;
13.04.2026;	Mon;	01;	5.90;	4.20;	7;	77;	12;	0;	0;	0;	0.0;	0;	0.0;	1018;	91;	0;	22;	0.00;
13.04.2026;	Mon;	02;	5.10;	3.20;	8;	62;	10;	0;	0;	0;	0.0;	0;	0.0;	1018;	92;	0;	22;	0.00;
13.04.2026;	Mon;	03;	5.00;	3.20;	8;	61;	13;	0;	0;	0;	0.0;	0;	0.0;	1017;	88;	0;	22;	0.00;
13.04.2026;	Mon;	04;	4.70;	2.60;	8;	57;	16;	0;	0;	0;	0.0;	0;	0.0;	1017;	88;	0;	22;	0.00;
13.04.2026;	Mon;	05;	4.00;	1.60;	9;	61;	19;	0;	0;	0;	0.0;	0;	0.0;	1017;	93;	0;	22;	0.00;
13.04.2026;	Mon;	06;	3.50;	1.20;	8;	69;	17;	0;	0;	0;	0.0;	0;	0.0;	1017;	96;	0;	22;	0.00;
13.04.2026;	Mon;	07;	4.10;	2.00;	8;	75;	20;	0;	0;	0;	0.0;	0;	0.0;	1017;	94;	0;	22;	0.00;
13.04.2026;	Mon;	08;	5.80;	3.60;	10;	93;	21;	0;	0;	0;	0.0;	0;	0.0;	1017;	89;	0;	22;	0.00;
13.04.2026;	Mon;	09;	7.30;	5.00;	12;	103;	24;	0;	0;	0;	0.0;	0;	0.0;	1016;	86;	0;	22;	0.00;
13.04.2026;	Mon;	10;	7.80;	5.30;	14;	98;	24;	0;	0;	0;	0.1;	20;	0.0;	1016;	85;	0;	33;	0.00;
13.04.2026;	Mon;	11;	6.70;	4.30;	12;	81;	26;	0;	0;	0;	0.6;	100;	0.0;	1016;	93;	0;	33;	0.00;
13.04.2026;	Mon;	12;	6.30;	3.70;	12;	78;	28;	0;	0;	0;	0.9;	100;	0.0;	1016;	95;	0;	33;	0.00;
13.04.2026;	Mon;	13;	6.10;	3.40;	13;	80;	30;	0;	0;	0;	1.6;	100;	0.0;	1016;	96;	0;	23;	0.00;
13.04.2026;	Mon;	14;	6.20;	3.10;	15;	81;	34;	0;	0;	0;	1.9;	100;	0.0;	1015;	96;	0;	23;	0.00;
13.04.2026;	Mon;	15;	6.10;	3.00;	15;	78;	35;	0;	0;	0;	2.7;	100;	0.0;	1015;	95;	0;	23;	0.00;
13.04.2026;	Mon;	16;	6.10;	2.80;	17;	75;	38;	0;	0;	0;	1.2;	100;	0.0;	1014;	95;	0;	23;	0.00;
13.04.2026;	Mon;	17;	6.40;	3.50;	15;	75;	41;	0;	0;	0;	0.4;	100;	0.0;	1014;	92;	0;	33;	0.00;
13.04.2026;	Mon;	18;	6.50;	4.20;	11;	69;	29;	0;	0;	0;	0.6;	100;	0.0;	1014;	92;	0;	33;	0.00;
13.04.2026;	Mon;	19;	6.50;	4.70;	8;	49;	21;	0;	0;	0;	0.6;	100;	0.0;	1014;	94;	0;	33;	0.00;
13.04.2026;	Mon;	20;	6.60;	5.20;	7;	23;	13;	0;	0;	0;	0.3;	100;	0.0;	1014;	94;	0;	33;	0.00;
13.04.2026;	Mon;	21;	6.70;	5.00;	8;	11;	13;	0;	0;	0;	0.1;	60;	0.0;	1013;	94;	0;	33;	0.00;
13.04.2026;	Mon;	22;	6.90;	5.30;	8;	6;	11;	0;	0;	0;	0.0;	50;	0.0;	1013;	93;	0;	22;	0.00;
13.04.2026;	Mon;	23;	7.10;	6.00;	6;	24;	8;	0;	0;	0;	0.0;	40;	0.0;	1013;	93;	0;	22;	0.00;
14.04.2026;	Tue;	00;	7.60;	7.60;	3;	90;	19;	0;	0;	0;	0.0;	30;	0.0;	1013;	90;	0;	22;	0.00;
14.04.2026;	Tue;	01;	7.60;	7.60;	3;	127;	19;	0;	0;	0;	0.0;	25;	0.0;	1013;	90;	0;	22;	0.00;
14.04.2026;	Tue;	03;	7.60;	7.60;	3;	165;	19;	0;	0;	0;	0.0;	20;	0.0;	1013;	90;	0;	22;	0.00;
14.04.2026;	Tue;	04;	7.60;	7.60;	3;	229;	19;	0;	0;	0;	0.0;	60;	0.0;	1013;	90;	0;	33;	0.00;
14.04.2026;	Tue;	06;	7.60;	7.60;	3;	293;	19;	0;	0;	0;	0.0;	100;	0.0;	1013;	90;	0;	33;	0.00;
14.04.2026;	Tue;	07;	7.60;	7.60;	3;	291;	19;	0;	0;	0;	0.0;	100;	0.0;	1013;	90;	0;	23;	0.00;
14.04.2026;	Tue;	09;	7.60;	7.60;	3;	289;	19;	0;	0;	0;	0.0;	100;	0.0;	1013;	90;	0;	23;	0.00;
14.04.2026;	Tue;	10;	7.60;	7.60;	3;	286;	19;	0;	0;	0;	0.0;	100;	0.0;	1013;	90;	0;	23;	0.00;
14.04.2026;	Tue;	12;	7.60;	7.60;	3;	283;	19;	0;	0;	0;	0.0;	100;	0.0;	1013;	90;	0;	23;	0.00;
14.04.2026;	Tue;	13;	7.60;	7.60;	3;	283;	19;	0;	0;	0;	0.0;	100;	0.0;	1013;	90;	0;	33;	0.00;
14.04.2026;	Tue;	15;	7.60;	7.60;	3;	284;	19;	0;	0;	0;	0.0;	100;	0.0;	1013;	90;	0;	33;	0.00;
14.04.2026;	Tue;	16;	7.60;	7.60;	3;	288;	19;	0;	0;	0;	0.0;	60;	0.0;	1013;	90;	0;	33;	0.00;
14.04.2026;	Tue;	18;	7.60;	7.60;	3;	292;	19;	0;	0;	0;	0.0;	20;	0.0;	1013;	90;	0;	33;	0.00;
14.04.2026;	Tue;	19;	7.60;	7.60;	3;	289;	19;	0;	0;	0;	0.0;	10;	0.0;	1013;	90;	0;	22;	0.00;
14.04.2026;	Tue;	21;	7.60;	7.60;	3;	286;	19;	0;	0;	0;	0.0;	0;	0.0;	1013;	90;	0;	22;	0.00;
14.04.2026;	Tue;	22;	7.60;	7.60;	3;	268;	19;	0;	0;	0;	0.0;	0;	0.0;	1013;	90;	0;	22;	0.00;
15.04.2026;	Wed;	00;	7.60;	7.60;	3;	250;	19;	0;	0;	0;	0.0;	0;	0.0;	1013;	90;	0;	22;	0.00;
15.04.2026;	Wed;	01;	7.60;	7.60;	3;	243;	19;	0;	0;	0;	0.0;	0;	0.0;	1013;	90;	0;	19;	0.00;
15.04.2026;	Wed;	03;	7.60;	7.60;	3;	237;	19;	0;	0;	0;	0.0;	0;	0.0;	1013;	90;	0;	19;	0.00;
15.04.2026;	Wed;	04;	7.60;	7.60;	3;	231;	19;	0;	0;	0;	0.0;	0;	0.0;	1013;	90;	0;	22;	0.00;
15.04.2026;	Wed;	06;	7.60;	7.60;	3;	225;	19;	0;	0;	0;	0.0;	0;	0.0;	1013;	90;	0;	22;	0.00;
15.04.2026;	Wed;	07;	7.60;	7.60;	3;	220;	19;	0;	0;	0;	0.0;	0;	0.0;	1013;	90;	0;	22;	0.00;
15.04.2026;	Wed;	09;	7.60;	7.60;	3;	216;	19;	0;	0;	0;	0.0;	0;	0.0;	1013;	90;	0;	22;	0.00;
15.04.2026;	Wed;	10;	7.60;	7.60;	3;	207;	19;	0;	0;	0;	0.0;	0;	0.0;	1013;	90;	0;	22;	0.00;
15.04.2026;	Wed;	12;	7.60;	7.60;	3;	198;	19;	0;	0;	0;	0.0;	0;	0.0;	1013;	90;	0;	22;	0.00;
15.04.2026;	Wed;	13;	7.60;	7.60;	3;	189;	19;	0;	0;	0;	0.0;	10;	0.0;	1013;	90;	0;	33;	0.00;
15.04.2026;	Wed;	15;	7.60;	7.60;	3;	180;	19;	0;	0;	0;	0.0;	20;	0.0;	1013;	90;	0;	33;	0.00;
15.04.2026;	Wed;	16;	7.60;	7.60;	3;	151;	19;	0;	0;	0;	0.0;	10;	0.0;	1013;	90;	0;	19;	0.00;
15.04.2026;	Wed;	18;	7.60;	7.60;	3;	123;	19;	0;	0;	0;	0.0;	0;	0.0;	1013;	90;	0;	19;	0.00;
15.04.2026;	Wed;	19;	7.60;	7.60;	3;	115;	19;	0;	0;	0;	0.0;	10;	0.0;	1013;	90;	0;	33;	0.00;
15.04.2026;	Wed;	21;	7.60;	7.60;	3;	108;	19;	0;	0;	0;	0.0;	20;	0.0;	1013;	90;	0;	33;	0.00;
15.04.2026;	Wed;	22;	7.60;	7.60;	3;	110;	19;	0;	0;	0;	0.0;	10;	0.0;	1013;	90;	0;	7;	0.00;
16.04.2026;	Thu;	00;	7.60;	7.60;	3;	113;	19;	0;	0;	0;	0.0;	0;	0.0;	1013;	90;	0;	7;	0.00;
16.04.2026;	Thu;	01;	7.60;	7.60;	3;	110;	19;	0;	0;	0;	0.0;	0;	0.0;	1013;	90;	0;	2;	0.00;
16.04.2026;	Thu;	03;	7.60;	7.60;	3;	107;	19;	0;	0;	0;	0.0;	0;	0.0;	1013;	90;	0;	2;	0.00;
16.04.2026;	Thu;	04;	7.60;	7.60;	3;	102;	19;	0;	0;	0;	0.0;	0;	0.0;	1013;	90;	0;	1;	0.00;
16.04.2026;	Thu;	06;	7.60;	7.60;	3;	97;	19;	0;	0;	0;	0.0;	0;	0.0;	1013;	90;	0;	1;	0.00;
16.04.2026;	Thu;	07;	7.60;	7.60;	3;	104;	19;	0;	0;	0;	0.0;	0;	0.0;	1013;	90;	0;	2;	0.00;
16.04.2026;	Thu;	09;	7.60;	7.60;	3;	111;	19;	0;	0;	0;	0.0;	0;	0.0;	1013;	90;	0;	2;	0.00;
16.04.2026;	Thu;	10;	7.60;	7.60;	3;	117;	19;	0;	0;	0;	0.0;	0;	0.0;	1013;	90;	0;	22;	0.00;
16.04.2026;	Thu;	12;	7.60;	7.60;	3;	124;	19;	0;	0;	0;	0.0;	0;	0.0;	1013;	90;	0;	22;	0.00;
16.04.2026;	Thu;	13;	7.60;	7.60;	3;	119;	19;	0;	0;	0;	0.0;	0;	0.0;	1013;	90;	0;	22;	0.00;
16.04.2026;	Thu;	15;	7.60;	7.60;	3;	114;	19;	0;	0;	0;	0.0;	0;	0.0;	1013;	90;	0;	22;	0.00;
16.04.2026;	Thu;	16;	7.60;	7.60;	3;	94;	19;	0;	0;	0;	0.0;	0;	0.0;	1013;	90;	0;	22;	0.00;
16.04.2026;	Thu;	18;	7.60;	7.60;	3;	75;	19;	0;	0;	0;	0.0;	0;	0.0;	1013;	90;	0;	22;	0.00;
16.04.2026;	Thu;	19;	7.60;	7.60;	3;	62;	19;	0;	0;	0;	0.0;	0;	0.0;	1013;	90;	0;	22;	0.00;
16.04.2026;	Thu;	21;	7.60;	7.60;	3;	50;	19;	0;	0;	0;	0.0;	0;	0.0;	1013;	90;	0;	22;	0.00;
16.04.2026;	Thu;	22;	7.60;	7.60;	3;	61;	19;	0;	0;	0;	0.0;	0;	0.0;	1013;	90;	0;	22;	0.00;
17.04.2026;	Fri;	00;	7.60;	7.60;	3;	72;	19;	0;	0;	0;	0.0;	0;	0.0;	1013;	90;	0;	22;	0.00;
</station>
